Listening to port 4567
Connected!!!
UKF initialised with Laser data:
0.312243
 0.58034
       0
       0
       0
UKF data option: LASER AND RADAR DATA
Process measurement from Radar
Prediction step, delta_t: 0.05
Xsig_aug: 
 0.312243   2.04429  0.312243  0.312243  0.312243  0.312243  0.312243  0.312243  -1.41981  0.312243  0.312243  0.312243  0.312243  0.312243  0.312243
  0.58034   0.58034   2.31239   0.58034   0.58034   0.58034   0.58034   0.58034   0.58034  -1.15171   0.58034   0.58034   0.58034   0.58034   0.58034
        0         0         0   1.73205         0         0         0         0         0         0  -1.73205         0         0         0         0
        0         0         0         0   1.73205         0         0         0         0         0         0  -1.73205         0         0         0
        0         0         0         0         0   1.73205         0         0         0         0         0         0  -1.73205         0         0
        0         0         0         0         0         0  0.519615         0         0         0         0         0         0 -0.519615         0
        0         0         0         0         0         0         0  0.519615         0         0         0         0         0         0 -0.519615
Xsig_pred: 
    0.312243      2.04429     0.312243     0.398845     0.312243     0.312243     0.312892     0.312243     -1.41981     0.312243      0.22564     0.312243     0.312243     0.311593     0.312243
     0.58034      0.58034      2.31239      0.58034      0.58034      0.58034      0.58034      0.58034      0.58034     -1.15171      0.58034      0.58034      0.58034      0.58034      0.58034
           0            0            0      1.73205            0            0    0.0259808            0            0            0     -1.73205            0            0   -0.0259808            0
           0            0            0            0      1.73205    0.0866025            0  0.000649519            0            0            0     -1.73205   -0.0866025            0 -0.000649519
           0            0            0            0            0      1.73205            0    0.0259808            0            0            0            0     -1.73205            0   -0.0259808
Predicted x_:
    0.312243
     0.58034
  2.1684e-17
-4.80302e-17
  2.1684e-17
Predicted P_:
     1.0025 6.57023e-35   0.0500056 9.82525e-34    -1.3e-33
6.57023e-35           1 8.50619e-34 9.54238e-33 1.63704e-33
  0.0500056 8.50619e-34     1.00022 2.47512e-34 3.61112e-34
9.82525e-34 9.54238e-33 1.06641e-33      1.0025   0.0500056
   -1.3e-33 1.63704e-33 3.61112e-34   0.0500056     1.00022
Update step with Radar data
Predicted Radar measurement z_pred: 
  1.41874
 0.888226
0.0589008
Radar innovation covariance S_inn: 
  0.513979  0.0788786 -0.0335591
 0.0788786    1.51303 -0.0194614
-0.0335591 -0.0194614   0.312643
Radar prediction: 
  1.41874
 0.888226
0.0589008
Radar measurement: 
 1.01489
0.554329
 4.89281
Updated (with Radar) state x: 
      0.7355
     0.62963
     7.19993
-1.80442e-17
 4.13533e-17
Updated (with Radar) covariance P: 
     0.57309     0.255231   -0.0337939 -1.23105e-17  1.33503e-17
    0.255231     0.420585   -0.0231322  4.58354e-18  1.28764e-17
  -0.0337939   -0.0231322     0.297976 -4.38674e-18  1.63034e-18
-1.23105e-17  4.58354e-18 -4.38674e-18       1.0025    0.0500056
 1.33503e-17  1.28764e-17  1.63034e-18    0.0500056      1.00022
Total Radar NIS samples: 1, Current NIS value: 74.7668, Chi-Square-95 percent: 100, Chi-Square-05 percent: 100
Process measurement from Laser
Prediction step, delta_t: 0.05
Xsig_aug: 
      0.7355      2.04671       0.7355       0.7355       0.7355       0.7355       0.7355       0.7355     -0.57571       0.7355       0.7355       0.7355       0.7355       0.7355       0.7355
     0.62963      1.21359      1.58918      0.62963      0.62963      0.62963      0.62963      0.62963    0.0456703    -0.329925      0.62963      0.62963      0.62963      0.62963      0.62963
     7.19993      7.12261      7.17466       8.1419      7.19993      7.19993      7.19993      7.19993      7.27725       7.2252      6.25796      7.19993      7.19993      7.19993      7.19993
-1.80442e-17 -4.62101e-17   1.3427e-17 -3.34829e-17      1.73421 -1.80442e-17 -1.80442e-17 -1.80442e-17  1.01217e-17 -4.95154e-17 -2.60552e-18     -1.73421 -1.80442e-17 -1.80442e-17 -1.80442e-17
 4.13533e-17  7.18983e-17  6.30217e-17  4.96341e-17    0.0865042      1.73008  4.13533e-17  4.13533e-17  1.08083e-17  1.96849e-17  3.30726e-17   -0.0865042     -1.73008  4.13533e-17  4.13533e-17
           0            0            0            0            0            0     0.519615            0            0            0            0            0            0    -0.519615            0
           0            0            0            0            0            0            0     0.519615            0            0            0            0            0            0    -0.519615
Xsig_pred: 
      1.0955      2.40284      1.09423      1.14259     0.676163      1.09505      1.09615       1.0955    -0.211848      1.09676       1.0484     0.676163      1.09505      1.09485       1.0955
     0.62963      1.21359      1.58918      0.62963     0.984703     0.645191      0.62963      0.62963    0.0456703    -0.329925      0.62963     0.274557     0.614069      0.62963      0.62963
     7.19993      7.12261      7.17466       8.1419      7.19993      7.19993      7.22591      7.19993      7.27725       7.2252      6.25796      7.19993      7.19993      7.17395      7.19993
-1.59765e-17 -4.26152e-17  1.65781e-17 -3.10012e-17      1.73854    0.0865042 -1.59765e-17  0.000649519  1.06621e-17 -4.85312e-17 -9.51893e-19     -1.73854   -0.0865042 -1.59765e-17 -0.000649519
 4.13533e-17  7.18983e-17  6.30217e-17  4.96341e-17    0.0865042      1.73008  4.13533e-17    0.0259808  1.08083e-17  1.96849e-17  3.30726e-17   -0.0865042     -1.73008  4.13533e-17   -0.0259808
Predicted x_:
   0.955569
    0.62963
    7.19993
-2.0383e-17
3.55618e-17
Predicted P_:
     0.60949     0.254075   -0.0188895 -1.17738e-18  1.43115e-17
    0.254075     0.462691   -0.0231322     0.206218    0.0192123
  -0.0188895   -0.0231322     0.298201 -4.30522e-18  1.63034e-18
-1.17907e-18     0.206218 -4.30522e-18         1.01     0.100022
  1.4203e-17    0.0192123  1.63034e-18     0.100022      1.00045
Update step with Laser data
Predicted Laser measurement z_pred: 
0.955569
 0.62963
Laser innovation covariance S_inn: 
 0.63199 0.254075
0.254075 0.485191
Laser prediction: 
0.955569
 0.62963
Laser measurement: 
 1.17385
0.481073
Updated (with Laser) state x: 
    1.1605
  0.494954
   7.20299
 -0.127221
-0.0118525
Updated (with Laser) covariance P: 
   0.0214854   0.00053133 -0.000305572  -0.00486977 -0.000453692
  0.00053133    0.0211784 -0.000912705    0.0121131   0.00112852
-0.000305572 -0.000912705     0.297006   0.00836516  0.000779341
 -0.00486977    0.0121131   0.00836516     0.898981    0.0896793
-0.000453692   0.00112852  0.000779341    0.0896793     0.999486
Total Laser NIS samples: 1, Current NIS value: 0.221175, Chi-Square-95 percent: 100, Chi-Square-05 percent: 0
Process measurement from Radar
Prediction step, delta_t: 0.05
Xsig_aug: 
     1.1605     1.41438      1.1605      1.1605      1.1605      1.1605      1.1605      1.1605    0.906615      1.1605      1.1605      1.1605      1.1605      1.1605      1.1605
   0.494954    0.501232    0.746937    0.494954    0.494954    0.494954    0.494954    0.494954    0.488675     0.24297    0.494954    0.494954    0.494954    0.494954    0.494954
    7.20299     7.19938     7.19222     8.14686     7.20299     7.20299     7.20299     7.20299      7.2066     7.21377     6.25912     7.20299     7.20299     7.20299     7.20299
  -0.127221   -0.184764   0.0184268  -0.0991899     1.50729   -0.127221   -0.127221   -0.127221  -0.0696769   -0.272868   -0.155251    -1.76173   -0.127221   -0.127221   -0.127221
 -0.0118525  -0.0172136  0.00171674 -0.00924104    0.151303     1.71199  -0.0118525  -0.0118525 -0.00649145  -0.0254218   -0.014464   -0.175008    -1.73569  -0.0118525  -0.0118525
          0           0           0           0           0           0    0.519615           0           0           0           0           0           0   -0.519615           0
          0           0           0           0           0           0           0    0.519615           0           0           0           0           0           0   -0.519615
Xsig_pred: 
    1.51772     1.76819     1.52005     1.56583     1.18199     1.51925     1.51837     1.51772     1.26607     1.50778     1.46967      1.0906     1.51531     1.51708     1.51772
   0.449153    0.434948    0.753579    0.454522     0.85446    0.464595     0.44907    0.449153     0.46353    0.145546     0.44645    0.141653    0.433824    0.449235    0.449153
    7.20299     7.19938     7.19222     8.14686     7.20299     7.20299     7.22897     7.20299      7.2066     7.21377     6.25912     7.20299     7.20299     7.17701     7.20299
  -0.127813   -0.185625   0.0185127   -0.099652     1.51486  -0.0416213   -0.127813   -0.127164  -0.0700015   -0.274139   -0.155974    -1.77048   -0.214005   -0.127813   -0.128463
 -0.0118525  -0.0172136  0.00171674 -0.00924104    0.151303     1.71199  -0.0118525   0.0141282 -0.00649145  -0.0254218   -0.014464   -0.175008    -1.73569  -0.0118525  -0.0378333
Predicted x_:
   1.38897
  0.466083
   7.20299
 -0.127813
-0.0118525
Predicted P_:
  0.0544156 0.000890507   0.0148079   0.0209899  0.00324045
0.000890507   0.0738135  0.00019424    0.210735   0.0296278
  0.0148079  0.00019424    0.297231  0.00840413 0.000779341
  0.0209899    0.210735  0.00840413    0.910448    0.139659
 0.00324045   0.0296278 0.000779341    0.139659    0.999711
Update step with Radar data
Predicted Radar measurement z_pred: 
 1.48983
0.317644
  4.7573
Radar innovation covariance S_inn: 
  0.145123 0.00958553   0.601384
0.00958553  0.0353987    0.16689
  0.601384    0.16689    11.0124
Radar prediction: 
 1.48983
0.317644
  4.7573
Radar measurement: 
1.04751
0.38924
4.51132
Updated (with Radar) state x: 
  1.25808
  0.53306
  7.18834
 0.122905
0.0306299
Updated (with Radar) covariance P: 
  0.0171363  0.00480278 -0.00281141  -0.0109079 -0.00388514
 0.00480278  0.00382897 0.000507961 -0.00480643 0.000284484
-0.00281141 0.000507961    0.287269  -0.0182876 -0.00479838
 -0.0109079 -0.00480643  -0.0182876    0.165726   0.0323363
-0.00388514 0.000284484 -0.00479838   0.0323363    0.983841
Total Radar NIS samples: 2, Current NIS value: 1.82475, Chi-Square-95 percent: 100, Chi-Square-05 percent: 50
Process measurement from Laser
Prediction step, delta_t: 0.05
Xsig_aug: 
   1.25808    1.48482    1.25808    1.25808    1.25808    1.25808    1.25808    1.25808    1.03135    1.25808    1.25808    1.25808    1.25808    1.25808    1.25808
   0.53306   0.596607   0.619366    0.53306    0.53306    0.53306    0.53306    0.53306   0.469513   0.446754    0.53306    0.53306    0.53306    0.53306    0.53306
   7.18834    7.15114    7.23339    8.11484    7.18834    7.18834    7.18834    7.18834    7.22554    7.14329    6.26184    7.18834    7.18834    7.18834    7.18834
  0.122905 -0.0214195  0.0620998  0.0608518   0.807596   0.122905   0.122905   0.122905    0.26723   0.183711   0.184959  -0.561786   0.122905   0.122905   0.122905
 0.0306299 -0.0207755  0.0783685  0.0107078   0.163911     1.7419  0.0306299  0.0306299  0.0820353 -0.0171086   0.050552  -0.102651   -1.68064  0.0306299  0.0306299
         0          0          0          0          0          0   0.519615          0          0          0          0          0          0  -0.519615          0
         0          0          0          0          0          0          0   0.519615          0          0          0          0          0          0  -0.519615
Xsig_pred: 
   1.61475    1.84229    1.61901    1.66307    1.50546    1.61242     1.6154    1.61475     1.3796    1.60926    1.56576    1.56177    1.61622    1.61411    1.61475
  0.577396   0.588763   0.642518   0.557843     0.7938   0.592591   0.577476   0.577396   0.565626   0.511851   0.591028   0.340819   0.562093   0.577316   0.577396
   7.18834    7.15114    7.23339    8.11484    7.18834    7.18834    7.21432    7.18834    7.22554    7.14329    6.26184    7.18834    7.18834    7.16236    7.18834
  0.124437 -0.0224583  0.0660182  0.0613871   0.815792       0.21   0.124437   0.125086   0.271332   0.182856   0.187487  -0.566918  0.0388735   0.124437   0.123787
 0.0306299 -0.0207755  0.0783685  0.0107078   0.163911     1.7419  0.0306299  0.0566107  0.0820353 -0.0171086   0.050552  -0.102651   -1.68064  0.0306299 0.00464915
Predicted x_:
  1.58597
 0.572891
  7.18834
 0.124437
0.0306299
Predicted P_:
  0.0202737 -0.00126229   0.0122357  -0.0189875 -0.00654397
-0.00126229   0.0187526 -0.00428608     0.05114   0.0197124
  0.0122357 -0.00428608    0.287494  -0.0185275 -0.00479838
 -0.0189875     0.05114  -0.0185275     0.17142    0.081534
-0.00654397   0.0197124 -0.00479838    0.081534    0.984066
Update step with Laser data
Predicted Laser measurement z_pred: 
 1.58597
0.572891
Laser innovation covariance S_inn: 
  0.0427737 -0.00126229
-0.00126229   0.0412526
Laser prediction: 
 1.58597
0.572891
Laser measurement: 
1.65063
0.62469
Updated (with Laser) state x: 
 1.61575
0.595371
 7.20172
0.161647
0.046174
Updated (with Laser) covariance P: 
   0.0106538 -0.000362483   0.00637304  -0.00917301  -0.00312783
-0.000362483    0.0102169  -0.00214271    0.0276121    0.0106558
  0.00637304  -0.00214271      0.28362  -0.00827928  -0.00106758
 -0.00917301    0.0276121  -0.00827928      0.10092    0.0546749
 -0.00312783    0.0106558  -0.00106758    0.0546749     0.973821
Total Laser NIS samples: 2, Current NIS value: 0.167707, Chi-Square-95 percent: 100, Chi-Square-05 percent: 0
Process measurement from Radar
Prediction step, delta_t: 0.05
Xsig_aug: 
    1.61575     1.79453     1.61575     1.61575     1.61575     1.61575     1.61575     1.61575     1.43697     1.61575     1.61575     1.61575     1.61575     1.61575     1.61575
   0.595371    0.589288    0.770339    0.595371    0.595371    0.595371    0.595371    0.595371    0.601454    0.420403    0.595371    0.595371    0.595371    0.595371    0.595371
    7.20172     7.30866      7.1687     8.11733     7.20172     7.20172     7.20172     7.20172     7.09478     7.23474     6.28612     7.20172     7.20172     7.20172     7.20172
   0.161647   0.0077178    0.629733     0.16938    0.406392    0.161647    0.161647    0.161647    0.315576   -0.306439    0.153914  -0.0830981    0.161647    0.161647    0.161647
   0.046174 -0.00631304    0.227054     0.05533    0.337118     1.71987    0.046174    0.046174   0.0986611   -0.134706    0.037018    -0.24477    -1.62752    0.046174    0.046174
          0           0           0           0           0           0    0.519615           0           0           0           0           0           0   -0.519615           0
          0           0           0           0           0           0           0    0.519615           0           0           0           0           0           0   -0.519615
Xsig_pred: 
    1.97108     2.15995     1.90423     2.01571     1.94529     1.96822     1.97172     1.97108     1.77392     1.96027      1.9263      1.9744     1.97311     1.97044     1.97108
   0.653735    0.592051    0.983072    0.664342    0.740493    0.668525    0.653839    0.653735    0.712383    0.310119    0.643844    0.563288    0.638809     0.65363    0.653735
    7.20172     7.30866      7.1687     8.11733     7.20172     7.20172      7.2277     7.20172     7.09478     7.23474     6.28612     7.20172     7.20172     7.17574     7.20172
   0.163956  0.00740215    0.641086    0.172147    0.423248    0.247641    0.163956    0.164605    0.320509   -0.313174    0.155765  -0.0953366    0.080271    0.163956    0.163306
   0.046174 -0.00631304    0.227054     0.05533    0.337118     1.71987    0.046174   0.0721548   0.0986611   -0.134706    0.037018    -0.24477    -1.62752    0.046174   0.0201933
Predicted x_:
 1.95285
0.650331
 7.20172
0.163956
0.046174
Predicted P_:
   0.013637  -0.0072634   0.0208397  -0.0157327 -0.00770616
 -0.0072634   0.0416782 -0.00271945   0.0647545   0.0382533
  0.0208397 -0.00271945    0.283845 -0.00833266 -0.00106758
 -0.0157327   0.0647545 -0.00833266    0.108822    0.103372
-0.00770616   0.0382533 -0.00106758    0.103372    0.974046
Update step with Radar data
Predicted Radar measurement z_pred: 
 2.06882
0.320833
 6.92016
Radar innovation covariance S_inn: 
  0.101842 0.00128569  0.0233755
0.00128569  0.0111477  0.0201953
 0.0233755  0.0201953   0.437962
Radar prediction: 
 2.06882
0.320833
 6.92016
Radar measurement: 
 1.6983
0.29828
5.20999
Updated (with Radar) state x: 
  1.85109
 0.561729
  6.01672
0.0248437
-0.235412
Updated (with Radar) covariance P: 
 0.00901864  0.00175082  0.00384515 -0.00112828 -0.00159391
 0.00175082  0.00411242 -0.00122767  0.00528442  0.00258714
 0.00384515 -0.00122767   0.0808592 -0.00766866  -0.0352603
-0.00112828  0.00528442 -0.00766866   0.0144557   0.0464057
-0.00159391  0.00258714  -0.0352603   0.0464057     0.93373
Total Radar NIS samples: 3, Current NIS value: 7.76985, Chi-Square-95 percent: 100, Chi-Square-05 percent: 33.3333
Process measurement from Laser
Prediction step, delta_t: 0.05
Xsig_aug: 
   1.85109    2.01557    1.85109    1.85109    1.85109    1.85109    1.85109    1.85109     1.6866    1.85109    1.85109    1.85109    1.85109    1.85109    1.85109
  0.561729   0.593662   0.668113   0.561729   0.561729   0.561729   0.561729   0.561729   0.529797   0.455345   0.561729   0.561729   0.561729   0.561729   0.561729
   6.01672    6.08685    5.96105    6.50103    6.01672    6.01672    6.01672    6.01672    5.94659    6.07239     5.5324    6.01672    6.01672    6.01672    6.01672
 0.0248437  0.0042654    0.18004 -0.0018395   0.159551  0.0248437  0.0248437  0.0248437  0.0454219  -0.130352  0.0515268  -0.109863  0.0248437  0.0248437  0.0248437
 -0.235412  -0.264483   -0.15373  -0.440228   0.658951    1.16167  -0.235412  -0.235412  -0.206342  -0.317095 -0.0305974   -1.12978   -1.63249  -0.235412  -0.235412
         0          0          0          0          0          0   0.519615          0          0          0          0          0          0  -0.519615          0
         0          0          0          0          0          0          0   0.519615          0          0          0          0          0          0  -0.519615
Xsig_pred: 
    2.15187     2.31991     2.14452      2.1761     2.14726     2.15144     2.15251     2.15187     1.98369      2.1518     2.12735     2.14902      2.1518     2.15122     2.15187
   0.567432    0.592947    0.720358    0.557554    0.614408     0.57793    0.567448    0.567432    0.541765    0.413495    0.575765    0.520319    0.556927    0.567416    0.567432
    6.01672     6.08685     5.96105     6.50103     6.01672     6.01672      6.0427     6.01672     5.94659     6.07239      5.5324     6.01672     6.01672     5.99074     6.01672
   0.013073 -0.00895876    0.172353  -0.0238509    0.192498   0.0829271    0.013073   0.0137226   0.0351048   -0.146207    0.049997   -0.166352   -0.056781    0.013073   0.0124235
  -0.235412   -0.264483    -0.15373   -0.440228    0.658951     1.16167   -0.235412   -0.209432   -0.206342   -0.317095  -0.0305974    -1.12978    -1.63249   -0.235412   -0.261393
Predicted x_:
  2.14924
 0.566957
  6.01672
 0.013073
-0.235412
Predicted P_:
 0.00962589  0.00115899   0.0079385 -0.00178466 -0.00373762
 0.00115899  0.00886755 -0.00371878   0.0111285   0.0234667
  0.0079385 -0.00371878   0.0810842 -0.00943168  -0.0352603
-0.00178466   0.0111285 -0.00943168   0.0214307   0.0930978
-0.00373762   0.0234667  -0.0352603   0.0930978    0.933955
Update step with Laser data
Predicted Laser measurement z_pred: 
 2.14924
0.566957
Laser innovation covariance S_inn: 
 0.0321259 0.00115899
0.00115899  0.0313676
Laser prediction: 
 2.14924
0.566957
Laser measurement: 
 2.18882
0.648739
Updated (with Laser) state x: 
  2.16318
 0.591024
  6.01622
0.0395852
-0.179477
Updated (with Laser) covariance P: 
 0.00672065 0.000583025  0.00566366 -0.00153995 -0.00322928
0.000583025  0.00633917 -0.00287675  0.00803939    0.016952
 0.00566366 -0.00287675   0.0786104 -0.00755961  -0.0313191
-0.00153995  0.00803939 -0.00755961   0.0173323   0.0844572
-0.00322928    0.016952  -0.0313191   0.0844572    0.915738
Total Laser NIS samples: 3, Current NIS value: 0.254897, Chi-Square-95 percent: 100, Chi-Square-05 percent: 0
Process measurement from Radar
Prediction step, delta_t: 0.05
Xsig_aug: 
   2.16318    2.30517    2.16318    2.16318    2.16318    2.16318    2.16318    2.16318    2.02119    2.16318    2.16318    2.16318    2.16318    2.16318    2.16318
  0.591024   0.603342   0.728377   0.591024   0.591024   0.591024   0.591024   0.591024   0.578706   0.453671   0.591024   0.591024   0.591024   0.591024   0.591024
   6.01622    6.13588    5.94266    6.48109    6.01622    6.01622    6.01622    6.01622    5.89656    6.08979    5.55136    6.01622    6.01622    6.01622    6.01622
 0.0395852 0.00704934   0.218096  0.0274235   0.177151  0.0395852  0.0395852  0.0395852   0.072121  -0.138926  0.0517468 -0.0979808  0.0395852  0.0395852  0.0395852
 -0.179477  -0.247705     0.1969   -0.30447    1.14675   0.729582  -0.179477  -0.179477  -0.111249  -0.555854 -0.0544836   -1.50571   -1.08854  -0.179477  -0.179477
         0          0          0          0          0          0   0.519615          0          0          0          0          0          0  -0.519615          0
         0          0          0          0          0          0          0   0.519615          0          0          0          0          0          0  -0.519615
Xsig_pred: 
    2.46381     2.61197     2.45295     2.48717      2.4576     2.46347     2.46446     2.46381     2.31531     2.46411      2.4404     2.46116     2.46393     2.46316     2.46381
    0.60158    0.603605    0.794094    0.597443    0.652492    0.608407    0.601605     0.60158    0.599133    0.407321    0.605003    0.550361    0.594745    0.601554     0.60158
    6.01622     6.13588     5.94266     6.48109     6.01622     6.01622      6.0422     6.01622     5.89656     6.08979     5.55136     6.01622     6.01622     5.99024     6.01622
  0.0306113 -0.00533589    0.227941      0.0122    0.234489   0.0760643   0.0306113   0.0312609   0.0665586   -0.166718   0.0490227   -0.173266  -0.0148416   0.0306113   0.0299618
  -0.179477   -0.247705      0.1969    -0.30447     1.14675    0.729582   -0.179477   -0.153496   -0.111249   -0.555854  -0.0544836    -1.50571    -1.08854   -0.179477   -0.205458
Predicted x_:
  2.46048
 0.601048
  6.01622
0.0306113
-0.179477
Predicted P_:
  0.00753245 -0.000309329   0.00968264  -0.00241216  -0.00590343
-0.000309329    0.0133574  -0.00523841    0.0162906    0.0490136
  0.00968264  -0.00523841    0.0788354  -0.00912556   -0.0313191
 -0.00241216    0.0162906  -0.00912556    0.0280675      0.13025
 -0.00590343    0.0490136   -0.0313191      0.13025     0.915963
Update step with Radar data
Predicted Radar measurement z_pred: 
 2.53542
0.239424
 5.83382
Radar innovation covariance S_inn: 
  0.0977154 0.000417216  0.00940259
0.000417216  0.00295079  0.00264474
 0.00940259  0.00264474    0.178152
Radar prediction: 
 2.53542
0.239424
 5.83382
Radar measurement: 
 2.04438
0.276002
 5.04387
Updated (with Radar) state x: 
  2.37915
 0.636707
  5.62036
0.0542326
-0.353423
Updated (with Radar) covariance P: 
 0.00641863 0.000797079  0.00513099 -0.00117564 -0.00463335
0.000797079   0.0042416 -0.00192798  0.00471989   0.0131973
 0.00513099 -0.00192798   0.0462288 -0.00769359  -0.0489405
-0.00117564  0.00471989 -0.00769359   0.0130454   0.0816405
-0.00463335   0.0131973  -0.0489405   0.0816405    0.743184
Total Radar NIS samples: 4, Current NIS value: 6.42444, Chi-Square-95 percent: 100, Chi-Square-05 percent: 25
Process measurement from Laser
Prediction step, delta_t: 0.05
Xsig_aug: 
   2.37915    2.51792    2.37915    2.37915    2.37915    2.37915    2.37915    2.37915    2.24039    2.37915    2.37915    2.37915    2.37915    2.37915    2.37915
  0.636707   0.653939   0.748187   0.636707   0.636707   0.636707   0.636707   0.636707   0.619474   0.525226   0.636707   0.636707   0.636707   0.636707   0.636707
   5.62036    5.73129    5.55133    5.96909    5.62036    5.62036    5.62036    5.62036    5.50943    5.68939    5.27162    5.62036    5.62036    5.62036    5.62036
 0.0542326  0.0288163   0.185176  0.0220524    0.19674  0.0542326  0.0542326  0.0542326  0.0796489 -0.0767113  0.0864128  -0.088275  0.0542326  0.0542326  0.0542326
 -0.353423  -0.453592  0.0172072  -0.669208   0.935504   0.213236  -0.353423  -0.353423  -0.253253  -0.724052 -0.0376374   -1.64235  -0.920081  -0.353423  -0.353423
         0          0          0          0          0          0   0.519615          0          0          0          0          0          0  -0.519615          0
         0          0          0          0          0          0          0   0.519615          0          0          0          0          0          0  -0.519615
Xsig_pred: 
   2.65988    2.80443    2.65195    2.67759    2.65336    2.65967    2.66052    2.65988    2.51512    2.66233    2.64177    2.65774    2.66001    2.65923    2.65988
   0.64946   0.658947    0.79941   0.638295   0.698063   0.653435   0.649495    0.64946   0.639653   0.498297   0.659208   0.600473   0.645481   0.649424    0.64946
   5.62036    5.73129    5.55133    5.96909    5.62036    5.62036    5.64634    5.62036    5.50943    5.68939    5.27162    5.62036    5.62036    5.59438    5.62036
 0.0365615 0.00613675   0.186037  -0.011408   0.243515  0.0648944  0.0365615   0.037211  0.0669862  -0.112914  0.0845309  -0.170392 0.00822858  0.0365615   0.035912
 -0.353423  -0.453592  0.0172072  -0.669208   0.935504   0.213236  -0.353423  -0.327442  -0.253253  -0.724052 -0.0376374   -1.64235  -0.920081  -0.353423  -0.379403
Predicted x_:
  2.65741
 0.648904
  5.62036
0.0365615
-0.353423
Predicted P_:
 0.00709561 0.000106015  0.00755568 -0.00216464 -0.00832921
0.000106015  0.00842213 -0.00432281   0.0109745   0.0410943
 0.00755568 -0.00432281   0.0464538  -0.0101406  -0.0489405
-0.00216464   0.0109745  -0.0101406   0.0230676    0.118805
-0.00832921   0.0410943  -0.0489405    0.118805    0.743409
Update step with Laser data
Predicted Laser measurement z_pred: 
 2.65741
0.648904
Laser innovation covariance S_inn: 
  0.0295956 0.000106015
0.000106015   0.0309221
Laser prediction: 
 2.65741
0.648904
Laser measurement: 
2.65526
0.66598
Updated (with Laser) state x: 
  2.65694
 0.653549
  5.61741
0.0427866
-0.330096
Updated (with Laser) covariance P: 
 0.00539421 5.86463e-05  0.00575553 -0.00167429 -0.00643946
5.86463e-05  0.00612803 -0.00316516  0.00799117   0.0299237
 0.00575553 -0.00316516   0.0439129 -0.00804308   -0.041029
-0.00167429  0.00799117 -0.00804308   0.0190088     0.10359
-0.00643946   0.0299237   -0.041029     0.10359    0.686373
Total Laser NIS samples: 4, Current NIS value: 0.00959524, Chi-Square-95 percent: 75, Chi-Square-05 percent: 0
Process measurement from Radar
Prediction step, delta_t: 0.05
Xsig_aug: 
   2.65694    2.78415    2.65694    2.65694    2.65694    2.65694    2.65694    2.65694    2.52973    2.65694    2.65694    2.65694    2.65694    2.65694    2.65694
  0.653549   0.654932    0.78913   0.653549   0.653549   0.653549   0.653549   0.653549   0.652166   0.517968   0.653549   0.653549   0.653549   0.653549   0.653549
   5.61741    5.75314    5.54599    5.94637    5.61741    5.61741    5.61741    5.61741    5.48167    5.68883    5.28845    5.61741    5.61741    5.61741    5.61741
 0.0427866 0.00330203    0.22001   0.024205   0.196779  0.0427866  0.0427866  0.0427866  0.0822711  -0.134437  0.0613682  -0.111206  0.0427866  0.0427866  0.0427866
 -0.330096  -0.481957   0.333575  -0.497518   0.865062  0.0429512  -0.330096  -0.330096  -0.178235  -0.993767  -0.162674   -1.52525  -0.703143  -0.330096  -0.330096
         0          0          0          0          0          0   0.519615          0          0          0          0          0          0  -0.519615          0
         0          0          0          0          0          0          0   0.519615          0          0          0          0          0          0  -0.519615
Xsig_pred: 
     2.93764      3.07179      2.92704      2.95423      2.93112      2.93754      2.93829      2.93764      2.80298      2.93775      2.92093      2.93462      2.93771      2.93699      2.93764
    0.663247     0.652416     0.851901     0.657047     0.714401     0.665864     0.663274     0.663247     0.673472     0.472858     0.668692      0.61177     0.660628     0.663219     0.663247
     5.61741      5.75314      5.54599      5.94637      5.61741      5.61741      5.64339      5.61741      5.48167      5.68883      5.28845      5.61741      5.61741      5.59142      5.61741
   0.0262818   -0.0207958     0.236689 -0.000670934     0.240033    0.0449341    0.0262818    0.0269313    0.0733593    -0.184125    0.0532345    -0.187469   0.00762941    0.0262818    0.0256322
   -0.330096    -0.481957     0.333575    -0.497518     0.865062    0.0429512    -0.330096    -0.304115    -0.178235    -0.993767    -0.162674     -1.52525    -0.703143    -0.330096    -0.356077
Predicted x_:
  2.93419
 0.662678
  5.61741
0.0262818
-0.330096
Predicted P_:
  0.00612949 -0.000872573   0.00803998  -0.00275966  -0.00962549
-0.000872573    0.0129011  -0.00562643    0.0171823    0.0635535
  0.00803998  -0.00562643    0.0441379   -0.0100945    -0.041029
 -0.00275966    0.0171823   -0.0100945    0.0310839     0.137915
 -0.00962549    0.0635535    -0.041029     0.137915     0.686598
Update step with Radar data
Predicted Radar measurement z_pred: 
 3.01024
0.222047
   5.451
Radar innovation covariance S_inn: 
   0.096081 0.000220038  0.00747616
0.000220038  0.00232981  0.00236956
 0.00747616  0.00236956    0.142433
Radar prediction: 
 3.01024
0.222047
   5.451
Radar measurement: 
 2.99092
0.217668
 5.19181
Updated (with Radar) state x: 
    2.92344
   0.646886
     5.5537
-0.00600191
  -0.488323
Updated (with Radar) covariance P: 
 0.00528217 0.000183728  0.00527217 -0.00149087 -0.00590507
0.000183728  0.00501642 -0.00243404  0.00630795   0.0227647
 0.00527217 -0.00243404   0.0314287 -0.00725839  -0.0362607
-0.00149087  0.00630795 -0.00725839    0.015793   0.0796573
-0.00590507   0.0227647  -0.0362607   0.0796573    0.461557
Total Radar NIS samples: 5, Current NIS value: 0.471997, Chi-Square-95 percent: 100, Chi-Square-05 percent: 20
Process measurement from Laser
Prediction step, delta_t: 0.05
Xsig_aug: 
    2.92344     3.04932     2.92344     2.92344     2.92344     2.92344     2.92344     2.92344     2.79756     2.92344     2.92344     2.92344     2.92344     2.92344     2.92344
   0.646886    0.651265    0.769483    0.646886    0.646886    0.646886    0.646886    0.646886    0.642508    0.524289    0.646886    0.646886    0.646886    0.646886    0.646886
     5.5537     5.67935     5.48966     5.82646      5.5537      5.5537      5.5537      5.5537     5.42806     5.61775     5.28095      5.5537      5.5537      5.5537      5.5537
-0.00600191  -0.0415319    0.149625  -0.0329241    0.139504 -0.00600191 -0.00600191 -0.00600191   0.0295281   -0.161629   0.0209203   -0.151508 -0.00600191 -0.00600191 -0.00600191
  -0.488323   -0.629051   0.0737641   -0.690331    0.481104   -0.226924   -0.488323   -0.488323   -0.347595    -1.05041   -0.286315    -1.45775   -0.749722   -0.488323   -0.488323
          0           0           0           0           0           0    0.519615           0           0           0           0           0           0   -0.519615           0
          0           0           0           0           0           0           0    0.519615           0           0           0           0           0           0   -0.519615
Xsig_pred: 
   3.20107    3.33281    3.19478    3.21438    3.19794    3.20111    3.20172    3.20107     3.0689    3.19935    3.18746    3.19618    3.20102    3.20042    3.20107
   0.64183   0.635015     0.8109   0.632274   0.688802   0.643644   0.641826    0.64183   0.648163   0.471829    0.65052   0.595013   0.640016   0.641834    0.64183
    5.5537    5.67935    5.48966    5.82646     5.5537     5.5537    5.57969     5.5537    5.42806    5.61775    5.28095     5.5537     5.5537    5.52772     5.5537
-0.0304181 -0.0729844   0.153313 -0.0674407    0.16356 -0.0173481 -0.0304181 -0.0297685  0.0121483  -0.214149 0.00660457  -0.224396  -0.043488 -0.0304181 -0.0310676
 -0.488323  -0.629051  0.0737641  -0.690331   0.481104  -0.226924  -0.488323  -0.462342  -0.347595   -1.05041  -0.286315   -1.45775  -0.749722  -0.488323  -0.514304
Predicted x_:
   3.19827
  0.641476
    5.5537
-0.0304181
 -0.488323
Predicted P_:
  0.00586974 -0.000445938   0.00680489  -0.00212132  -0.00723659
-0.000445938    0.0103571  -0.00472436    0.0136289     0.047999
  0.00680489  -0.00472436    0.0316537  -0.00907143   -0.0362607
 -0.00212132    0.0136289  -0.00907143    0.0249128     0.102741
 -0.00723659     0.047999   -0.0362607     0.102741     0.461782
Update step with Laser data
Predicted Laser measurement z_pred: 
 3.19827
0.641476
Laser innovation covariance S_inn: 
   0.0283697 -0.000445938
-0.000445938    0.0328571
Laser prediction: 
 3.19827
0.641476
Laser measurement: 
 3.01222
0.637046
Updated (with Laser) state x: 
   3.15986
  0.642083
   5.51011
-0.0195503
 -0.451586
Updated (with Laser) covariance P: 
  0.00465147 -0.000242241   0.00534724  -0.00153604  -0.00522378
-0.000242241   0.00708907  -0.00316259   0.00931202    0.0327981
  0.00534724  -0.00316259    0.0293724  -0.00665161   -0.0277942
 -0.00153604   0.00931202  -0.00665161    0.0191274    0.0823815
 -0.00522378    0.0327981   -0.0277942    0.0823815     0.390134
Total Laser NIS samples: 5, Current NIS value: 1.22178, Chi-Square-95 percent: 80, Chi-Square-05 percent: 0
Process measurement from Radar
Prediction step, delta_t: 0.05
Xsig_aug: 
   3.15986    3.27799    3.15986    3.15986    3.15986    3.15986    3.15986    3.15986    3.04173    3.15986    3.15986    3.15986    3.15986    3.15986    3.15986
  0.642083   0.635931   0.787786   0.642083   0.642083   0.642083   0.642083   0.642083   0.648235    0.49638   0.642083   0.642083   0.642083   0.642083   0.642083
   5.51011    5.64591    5.45073    5.76731    5.51011    5.51011    5.51011    5.51011    5.37431    5.56949    5.25292    5.51011    5.51011    5.51011    5.51011
-0.0195503 -0.0585596   0.170536  -0.032651   0.120293 -0.0195503 -0.0195503 -0.0195503   0.019459  -0.209636 -0.0064496  -0.159393 -0.0195503 -0.0195503 -0.0195503
 -0.451586  -0.584249   0.218119  -0.551112   0.359066  -0.258624  -0.451586  -0.451586  -0.318923   -1.12129   -0.35206   -1.26224  -0.644548  -0.451586  -0.451586
         0          0          0          0          0          0   0.519615          0          0          0          0          0          0  -0.519615          0
         0          0          0          0          0          0          0   0.519615          0          0          0          0          0          0  -0.519615
Xsig_pred: 
   3.43523    3.55952    3.42818     3.4479    3.43306    3.43527    3.43588    3.43523    3.31042    3.43047    3.42247    3.43031    3.43518    3.43458    3.43523
  0.633588   0.615296   0.835502     0.6287   0.677598   0.634917   0.633575   0.633588   0.651321   0.430825   0.638078   0.589803    0.63226   0.633601   0.633588
   5.51011    5.64591    5.45073    5.76731    5.51011    5.51011    5.53609    5.51011    5.37431    5.56949    5.25292    5.51011    5.51011    5.48413    5.51011
-0.0421296 -0.0877721   0.181442 -0.0602066   0.138246 -0.0324815 -0.0421296 -0.0414801 0.00351284  -0.265701 -0.0240526  -0.222505 -0.0517777 -0.0421296 -0.0427791
 -0.451586  -0.584249   0.218119  -0.551112   0.359066  -0.258624  -0.451586  -0.425605  -0.318923   -1.12129   -0.35206   -1.26224  -0.644548  -0.451586  -0.477567
Predicted x_:
   3.43198
  0.633325
   5.51011
-0.0421296
 -0.451586
Predicted P_:
  0.00523098 -0.000824758   0.00675622  -0.00197385   -0.0058101
-0.000824758    0.0144054  -0.00522265    0.0180249    0.0580684
  0.00675622  -0.00522265    0.0295974  -0.00804132   -0.0277942
 -0.00197385    0.0180249  -0.00804132     0.028341     0.101894
  -0.0058101    0.0580684   -0.0277942     0.101894     0.390359
Update step with Radar data
Predicted Radar measurement z_pred: 
 3.49199
0.182412
 5.31906
Radar innovation covariance S_inn: 
  0.0952347 0.000247735  0.00688806
0.000247735  0.00208164  0.00312315
 0.00688806  0.00312315    0.132991
Radar prediction: 
 3.49199
0.182412
 5.31906
Radar measurement: 
 3.59388
0.135452
 5.16175
Updated (with Radar) state x: 
  3.44516
 0.538091
  5.54054
-0.167531
-0.862529
Updated (with Radar) covariance P: 
  0.00462544 -0.000136767   0.00503366  -0.00127944  -0.00406655
-0.000136767   0.00605368  -0.00276334   0.00724413    0.0228895
  0.00503366  -0.00276334    0.0232947  -0.00588392   -0.0229548
 -0.00127944   0.00724413  -0.00588392    0.0141874      0.05526
 -0.00406655    0.0228895   -0.0229548      0.05526      0.23581
Total Radar NIS samples: 6, Current NIS value: 1.25012, Chi-Square-95 percent: 100, Chi-Square-05 percent: 16.6667
Process measurement from Laser
Prediction step, delta_t: 0.05
Xsig_aug: 
    3.44516     3.56296     3.44516     3.44516     3.44516     3.44516     3.44516     3.44516     3.32737     3.44516     3.44516     3.44516     3.44516     3.44516     3.44516
   0.538091    0.534608    0.672809    0.538091    0.538091    0.538091    0.538091    0.538091    0.541574    0.403373    0.538091    0.538091    0.538091    0.538091    0.538091
    5.54054     5.66874     5.48232     5.76429     5.54054     5.54054     5.54054     5.54054     5.41235     5.59876      5.3168     5.54054     5.54054     5.54054     5.54054
  -0.167531   -0.200116 -0.00705618   -0.185997   -0.043406   -0.167531   -0.167531   -0.167531   -0.134947   -0.328007   -0.149066   -0.291657   -0.167531   -0.167531   -0.167531
  -0.862529   -0.966093   -0.355486   -0.979034   -0.226991   -0.713763   -0.862529   -0.862529   -0.758964    -1.36957   -0.746024    -1.49807    -1.01129   -0.862529   -0.862529
          0           0           0           0           0           0    0.519615           0           0           0           0           0           0   -0.519615           0
          0           0           0           0           0           0           0    0.519615           0           0           0           0           0           0   -0.519615
Xsig_pred: 
   3.71723    3.83927    3.71924    3.72699    3.72186    3.71743    3.71787    3.71723    3.59477    3.70688    3.70726    3.70726    3.71703    3.71659    3.71723
  0.486022    0.47158   0.668439   0.477883     0.5245   0.487033   0.485914   0.486022   0.500087   0.304189   0.493717   0.448577   0.485012   0.486131   0.486022
   5.54054    5.66874    5.48232    5.76429    5.54054    5.54054    5.56652    5.54054    5.41235    5.59876     5.3168    5.54054    5.54054    5.51456    5.54054
 -0.210658   -0.24842 -0.0248305  -0.234949 -0.0547555   -0.20322  -0.210658  -0.210008  -0.172896  -0.396485  -0.186367   -0.36656  -0.218096  -0.210658  -0.211307
 -0.862529  -0.966093  -0.355486  -0.979034  -0.226991  -0.713763  -0.862529  -0.836548  -0.758964   -1.36957  -0.746024   -1.49807   -1.01129  -0.862529   -0.88851
Predicted x_:
  3.71484
 0.486155
  5.54054
-0.210658
-0.862529
Predicted P_:
  0.00504747 -0.000139928   0.00584545 -0.000856293  -0.00200336
-0.000139928    0.0116259  -0.00473501       0.0135    0.0396733
  0.00584545  -0.00473501    0.0235197  -0.00703166   -0.0229548
-0.000856293       0.0135  -0.00703166     0.020303    0.0670562
