Listening to port 4567
Connected!!!
UKF initialised with Laser data:
0.312243
 0.58034
       0
       0
       0
UKF data option: LASER DATA ONLY
Sensor type: RADAR, Data option: LASER DATA ONLY, Ignoring measurement!
Process measurement from Laser
Prediction step, delta_t: 0.1
Xsig_aug: 
 0.312243   2.04429  0.312243  0.312243  0.312243  0.312243  0.312243  0.312243  -1.41981  0.312243  0.312243  0.312243  0.312243  0.312243  0.312243
  0.58034   0.58034   2.31239   0.58034   0.58034   0.58034   0.58034   0.58034   0.58034  -1.15171   0.58034   0.58034   0.58034   0.58034   0.58034
        0         0         0   1.73205         0         0         0         0         0         0  -1.73205         0         0         0         0
        0         0         0         0   1.73205         0         0         0         0         0         0  -1.73205         0         0         0
        0         0         0         0         0   1.73205         0         0         0         0         0         0  -1.73205         0         0
        0         0         0         0         0         0  0.519615         0         0         0         0         0         0 -0.519615         0
        0         0         0         0         0         0         0  0.519615         0         0         0         0         0         0 -0.519615
Xsig_pred: 
   0.312243     2.04429    0.312243    0.485448    0.312243    0.312243    0.314841    0.312243    -1.41981    0.312243    0.139038    0.312243    0.312243    0.309645    0.312243
    0.58034     0.58034     2.31239     0.58034     0.58034     0.58034     0.58034     0.58034     0.58034    -1.15171     0.58034     0.58034     0.58034     0.58034     0.58034
          0           0           0     1.73205           0           0   0.0519615           0           0           0    -1.73205           0           0  -0.0519615           0
          0           0           0           0     1.73205    0.173205           0  0.00259808           0           0           0    -1.73205   -0.173205           0 -0.00259808
          0           0           0           0           0     1.73205           0   0.0519615           0           0           0           0    -1.73205           0  -0.0519615
Predicted x_:
    0.312243
     0.58034
-1.21431e-17
 1.60462e-17
-1.21431e-17
Predicted P_:
        1.01  6.47995e-34     0.100045  2.95209e-33 -4.91112e-33
 6.47995e-34            1  -5.4568e-34  8.06483e-34 -9.62965e-34
    0.100045  -5.4568e-34       1.0009  9.10303e-35 -4.21297e-34
 2.95209e-33  8.06483e-34  6.62038e-35         1.01     0.100045
-4.91112e-33 -9.62965e-34 -4.21297e-34     0.100045       1.0009
Update step with Laser data
Predicted Laser measurement z_pred: 
0.312243
 0.58034
Laser innovation covariance S_inn: 
     1.0325 6.47995e-34
6.47995e-34      1.0225
Laser prediction: 
0.312243
 0.58034
Laser measurement: 
 1.17385
0.481073
Updated (with Laser) state x: 
     1.15507
    0.483257
   0.0834858
 1.60462e-17
-1.21431e-17
Updated (with Laser) covariance P: 
   0.0220097   3.1073e-37   0.00218015  6.43311e-35 -1.07022e-34
  3.1073e-37    0.0220049 -1.33893e-35  1.77466e-35 -2.11899e-35
  0.00218015 -1.33893e-35     0.991206 -1.95014e-34  5.45692e-35
 6.43311e-35  1.77466e-35 -2.19841e-34         1.01     0.100045
-1.07022e-34 -2.11899e-35  5.45692e-35     0.100045       1.0009
Total Laser NIS samples: 1, Current NIS value: 0.728632, Chi-Square-95 percent: 100, Chi-Square-05 percent: 0
Sensor type: RADAR, Data option: LASER DATA ONLY, Ignoring measurement!
Process measurement from Laser
Prediction step, delta_t: 0.1
Xsig_aug: 
     1.15507      1.41203      1.15507      1.15507      1.15507      1.15507      1.15507      1.15507     0.898111      1.15507      1.15507      1.15507      1.15507      1.15507      1.15507
    0.483257     0.483257      0.74019     0.483257     0.483257     0.483257     0.483257     0.483257     0.483257     0.226324     0.483257     0.483257     0.483257     0.483257     0.483257
   0.0834858     0.108939    0.0834858      1.80772    0.0834858    0.0834858    0.0834858    0.0834858    0.0580327    0.0834858     -1.64074    0.0834858    0.0834858    0.0834858    0.0834858
 1.60462e-17  1.60462e-17  1.60462e-17  1.60462e-17      1.74069  1.60462e-17  1.60462e-17  1.60462e-17  1.60462e-17  1.60462e-17  1.60462e-17     -1.74069  1.60462e-17  1.60462e-17  1.60462e-17
-1.21431e-17 -1.21431e-17 -1.21431e-17 -1.21431e-17     0.172423      1.72423 -1.21431e-17 -1.21431e-17 -1.21431e-17 -1.21431e-17 -1.21431e-17    -0.172423     -1.72423 -1.21431e-17 -1.21431e-17
           0            0            0            0            0            0     0.519615            0            0            0            0            0            0    -0.519615            0
           0            0            0            0            0            0            0     0.519615            0            0            0            0            0            0    -0.519615
Xsig_pred: 
     1.16342      1.42293      1.16342      1.33584      1.15359      1.16338      1.16602      1.16342     0.903914      1.16342     0.990998      1.15359      1.16338      1.16082      1.16342
    0.483257     0.483257      0.74019     0.483257     0.491473     0.483975     0.483257     0.483257     0.483257     0.226324     0.483257     0.475041     0.482539     0.483257     0.483257
   0.0834858     0.108939    0.0834858      1.80772    0.0834858    0.0834858     0.135447    0.0834858    0.0580327    0.0834858     -1.64074    0.0834858    0.0834858    0.0315243    0.0834858
 1.48319e-17  1.48319e-17  1.48319e-17  1.48319e-17      1.75793     0.172423  1.48319e-17   0.00259808  1.48319e-17  1.48319e-17  1.48319e-17     -1.75793    -0.172423  1.48319e-17  -0.00259808
-1.21431e-17 -1.21431e-17 -1.21431e-17 -1.21431e-17     0.172423      1.72423 -1.21431e-17    0.0519615 -1.21431e-17 -1.21431e-17 -1.21431e-17    -0.172423     -1.72423 -1.21431e-17   -0.0519615
Predicted x_:
    1.16013
   0.483257
  0.0834858
3.49113e-17
3.98986e-17
Predicted P_:
   0.0323814  2.12116e-20     0.101346  3.37543e-19  3.72694e-20
-5.89349e-21    0.0220276   2.6321e-33   0.00485555  0.000884842
    0.101346   2.6321e-33     0.992106 -1.50915e-33 -4.42964e-33
 3.37331e-19   0.00485555 -1.53322e-33      1.04002      0.20018
  1.4569e-19  0.000884842 -4.52594e-33      0.20018       1.0018
Update step with Laser data
Predicted Laser measurement z_pred: 
 1.16013
0.483257
Laser innovation covariance S_inn: 
   0.0548814  2.12116e-20
-5.89349e-21    0.0445276
Laser prediction: 
 1.16013
0.483257
Laser measurement: 
1.65063
0.62469
Updated (with Laser) state x: 
   1.44953
  0.553224
  0.989251
 0.0154227
0.00281053
Updated (with Laser) covariance P: 
   0.0132756  1.24754e-20    0.0415492  1.35817e-19 -4.91817e-20
-6.71815e-21    0.0111306  3.02603e-20   0.00245353  0.000447115
   0.0415492  5.49929e-21     0.804958 -6.24113e-19 -2.69251e-19
 1.37349e-19   0.00245353 -6.18655e-19      1.03949     0.200084
 5.95563e-20  0.000447115 -2.68257e-19     0.200084      1.00178
Total Laser NIS samples: 2, Current NIS value: 4.83298, Chi-Square-95 percent: 100, Chi-Square-05 percent: 0
Sensor type: RADAR, Data option: LASER DATA ONLY, Ignoring measurement!
Process measurement from Laser
Prediction step, delta_t: 0.1
Xsig_aug: 
    1.44953      1.6491     1.44953     1.44953     1.44953     1.44953     1.44953     1.44953     1.24997     1.44953     1.44953     1.44953     1.44953     1.44953     1.44953
   0.553224    0.553224    0.735958    0.553224    0.553224    0.553224    0.553224    0.553224    0.553224    0.370489    0.553224    0.553224    0.553224    0.553224    0.553224
   0.989251     1.61384    0.989251     2.41219    0.989251    0.989251    0.989251    0.989251    0.364659    0.989251   -0.433688    0.989251    0.989251    0.989251    0.989251
  0.0154227   0.0154227    0.055703   0.0154227     1.78088   0.0154227   0.0154227   0.0154227   0.0154227  -0.0248576   0.0154227    -1.75004   0.0154227   0.0154227   0.0154227
 0.00281053  0.00281053   0.0101509  0.00281053    0.342639     1.70275  0.00281053  0.00281053  0.00281053 -0.00452987  0.00281053   -0.337018    -1.69713  0.00281053  0.00281053
          0           0           0           0           0           0    0.519615           0           0           0           0           0           0   -0.519615           0
          0           0           0           0           0           0           0    0.519615           0           0           0           0           0           0   -0.519615
Xsig_pred: 
    1.54845     1.81047      1.5483     1.69072     1.42725     1.54784     1.55105     1.54845     1.28643     1.54843     1.40617     1.43026      1.5481     1.54585     1.54845
   0.554763    0.555735    0.741516    0.556978    0.649601    0.563143    0.554803    0.554763    0.553791    0.368008    0.552549    0.456199    0.546369    0.554723    0.554763
   0.989251     1.61384    0.989251     2.41219    0.989251    0.989251     1.04121    0.989251    0.364659    0.989251   -0.433688    0.989251    0.989251     0.93729    0.989251
  0.0157038   0.0157038   0.0567181   0.0157038     1.81515    0.185698   0.0157038   0.0183018   0.0157038  -0.0253106   0.0157038    -1.78374   -0.154291   0.0157038   0.0131057
 0.00281053  0.00281053   0.0101509  0.00281053    0.342639     1.70275  0.00281053   0.0547721  0.00281053 -0.00452987  0.00281053   -0.337018    -1.69713  0.00281053   -0.049151
Predicted x_:
   1.50836
  0.554139
  0.989251
 0.0157038
0.00281053
Predicted P_:
   0.0328038    0.0001865      0.12208 -0.000911048 -0.000244837
   0.0001865    0.0147689   0.00125342    0.0610313    0.0161634
     0.12208   0.00125342     0.805858 -4.61637e-19 -2.30819e-19
-0.000911048    0.0610313 -4.61637e-19      1.08953     0.300307
-0.000244837    0.0161634 -2.30819e-19     0.300307      1.00268
Update step with Laser data
Predicted Laser measurement z_pred: 
 1.50836
0.554139
Laser innovation covariance S_inn: 
0.0553038 0.0001865
0.0001865 0.0372689
Laser prediction: 
 1.50836
0.554139
Laser measurement: 
 2.18882
0.648739
Updated (with Laser) state x: 
  1.91217
 0.593012
  2.49341
 0.155663
0.0398334
Updated (with Laser) covariance P: 
   0.0133459   4.5809e-05    0.0496658 -0.000494917  -0.00013252
  4.5809e-05   0.00891605  0.000508177    0.0368483   0.00975886
   0.0496658  0.000508177     0.536353   0.00063259  0.000175384
-0.000494917    0.0368483   0.00063259     0.989559      0.27383
 -0.00013252   0.00975886  0.000175384      0.27383      0.99567
Total Laser NIS samples: 3, Current NIS value: 8.60099, Chi-Square-95 percent: 100, Chi-Square-05 percent: 33.3333
Sensor type: RADAR, Data option: LASER DATA ONLY, Ignoring measurement!
Process measurement from Laser
Prediction step, delta_t: 0.1
Xsig_aug: 
  1.91217   2.11227   1.91217   1.91217   1.91217   1.91217   1.91217   1.91217   1.71208   1.91217   1.91217   1.91217   1.91217   1.91217   1.91217
 0.593012  0.593698  0.756559  0.593012  0.593012  0.593012  0.593012  0.593012  0.592325  0.429464  0.593012  0.593012  0.593012  0.593012  0.593012
  2.49341   3.23805   2.49961   3.52032   2.49341   2.49341   2.49341   2.49341   1.74877   2.48722   1.46651   2.49341   2.49341   2.49341   2.49341
 0.155663  0.148243  0.831615  0.158814    1.7405  0.155663  0.155663  0.155663  0.163083 -0.520289  0.152512  -1.42917  0.155663  0.155663  0.155663
0.0398334 0.0378465  0.218852 0.0407066  0.481814   1.70104 0.0398334 0.0398334 0.0418203 -0.139185 0.0389602 -0.402147  -1.62137 0.0398334 0.0398334
        0         0         0         0         0         0  0.519615         0         0         0         0         0         0 -0.519615         0
        0         0         0         0         0         0         0  0.519615         0         0         0         0         0         0 -0.519615
Xsig_pred: 
    2.15842     2.43243     2.07853     2.25966     1.86416     2.15403     2.16099     2.15842     1.88457     2.12711     2.05708     1.94239     2.16055     2.15585     2.15842
   0.632159     0.64213    0.943113    0.649392    0.837662    0.652382    0.632562    0.632159    0.621079    0.304319    0.615573    0.345526    0.611573    0.631756    0.632159
    2.49341     3.23805     2.49961     3.52032     2.49341     2.49341     2.54537     2.49341     1.74877     2.48722     1.46651     2.49341     2.49341     2.44145     2.49341
   0.159646    0.152027      0.8535    0.162885     1.78868    0.325767    0.159646    0.162244    0.167265   -0.534207    0.156408    -1.46939 -0.00647453    0.159646    0.157048
  0.0398334   0.0378465    0.218852   0.0407066    0.481814     1.70104   0.0398334   0.0917949   0.0418203   -0.139185   0.0389602   -0.402147    -1.62137   0.0398334  -0.0121281
Predicted x_:
  2.05447
 0.615686
  2.49341
 0.159646
0.0398334
Predicted P_:
  0.0410695 -0.00239042    0.102659  -0.0276266 -0.00916851
-0.00239042     0.05476   0.0090672     0.20861   0.0666083
   0.102659   0.0090672    0.537253 0.000650128 0.000175384
 -0.0276266     0.20861 0.000650128     1.05428    0.373443
-0.00916851   0.0666083 0.000175384    0.373443     0.99657
Update step with Laser data
Predicted Laser measurement z_pred: 
 2.05447
0.615686
Laser innovation covariance S_inn: 
  0.0635695 -0.00239042
-0.00239042     0.07726
Laser prediction: 
 2.05447
0.615686
Laser measurement: 
2.65526
0.66598
Updated (with Laser) state x: 
  2.44181
 0.644729
  3.47583
0.0945993
 0.015768
Updated (with Laser) covariance P: 
    0.014527 -0.000246684     0.036477  -0.00750248  -0.00251863
-0.000246684    0.0159398   0.00376919    0.0605203      0.01932
    0.036477   0.00376919     0.369304    0.0104921   0.00388119
 -0.00750248    0.0605203    0.0104921     0.483953     0.191223
 -0.00251863      0.01932   0.00388119     0.191223      0.93835
Total Laser NIS samples: 4, Current NIS value: 5.74674, Chi-Square-95 percent: 100, Chi-Square-05 percent: 25
Sensor type: RADAR, Data option: LASER DATA ONLY, Ignoring measurement!
Process measurement from Laser
Prediction step, delta_t: 0.1
Xsig_aug: 
    2.44181     2.65057     2.44181     2.44181     2.44181     2.44181     2.44181     2.44181     2.23305     2.44181     2.44181     2.44181     2.44181     2.44181     2.44181
   0.644729    0.641184    0.863377    0.644729    0.644729    0.644729    0.644729    0.644729    0.648274    0.426081    0.644729    0.644729    0.644729    0.644729    0.644729
    3.47583     4.00002     3.53604      4.3866     3.47583     3.47583     3.47583     3.47583     2.95163     3.41561     2.56506     3.47583     3.47583     3.47583     3.47583
  0.0945993  -0.0132153    0.923232    0.136428    0.961694   0.0945993   0.0945993   0.0945993    0.202414   -0.734033    0.052771   -0.772495   0.0945993   0.0945993   0.0945993
   0.015768  -0.0204261    0.280265   0.0318968    0.419323     1.62221    0.015768    0.015768   0.0519621   -0.248729 -0.00036084   -0.387787    -1.59068    0.015768    0.015768
          0           0           0           0           0           0    0.519615           0           0           0           0           0           0   -0.519615           0
          0           0           0           0           0           0           0    0.519615           0           0           0           0           0           0   -0.519615
Xsig_pred: 
    2.78782     3.05054     2.65114      2.8763     2.63464     2.78367      2.7904     2.78782     2.52203     2.69254     2.69796     2.68598     2.78899     2.78523     2.78782
   0.677834     0.63549     1.14835    0.705082    0.933889    0.705422    0.678079    0.677834    0.708363    0.194149    0.658259    0.397377     0.64996    0.677589    0.677834
    3.47583     4.00002     3.53604      4.3866     3.47583     3.47583     3.52779     3.47583     2.95163     3.41561     2.56506     3.47583     3.47583     3.42387     3.47583
  0.0961761  -0.0152579    0.951259    0.139617     1.00363    0.256821   0.0961761   0.0987742     0.20761   -0.758906   0.0527349   -0.811274  -0.0644683   0.0961761    0.093578
   0.015768  -0.0204261    0.280265   0.0318968    0.419323     1.62221    0.015768   0.0677295   0.0519621   -0.248729 -0.00036084   -0.387787    -1.59068    0.015768  -0.0361936
Predicted x_:
  2.70542
 0.670834
  3.47583
0.0961761
 0.015768
Predicted P_:
   0.029409 -0.00792652   0.0728733  -0.0223308 -0.00941117
-0.00792652    0.100775   0.0103213    0.220307   0.0935642
  0.0728733   0.0103213    0.370204   0.0108802  0.00388119
 -0.0223308    0.220307   0.0108802    0.531583    0.285103
-0.00941117   0.0935642  0.00388119    0.285103     0.93925
Update step with Laser data
Predicted Laser measurement z_pred: 
 2.70542
0.670834
Laser innovation covariance S_inn: 
   0.051909 -0.00792652
-0.00792652    0.123275
Laser prediction: 
 2.70542
0.670834
Laser measurement: 
 3.01222
0.637046
Updated (with Laser) state x: 
   2.87887
  0.634638
   3.90883
-0.0125998
-0.0299983
Updated (with Laser) covariance P: 
   0.0126507 -0.000633308    0.0321907  -0.00357428  -0.00148617
-0.000633308    0.0183526   0.00395368    0.0399803    0.0169817
   0.0321907   0.00395368     0.264131   0.00411669   0.00090473
 -0.00357428    0.0399803   0.00411669     0.136572     0.117353
 -0.00148617    0.0169817   0.00090473     0.117353     0.868011
Total Laser NIS samples: 5, Current NIS value: 1.81469, Chi-Square-95 percent: 100, Chi-Square-05 percent: 20
Sensor type: RADAR, Data option: LASER DATA ONLY, Ignoring measurement!
Process measurement from Laser
Prediction step, delta_t: 0.1
Xsig_aug: 
    2.87887     3.07369     2.87887     2.87887     2.87887     2.87887     2.87887     2.87887     2.68406     2.87887     2.87887     2.87887     2.87887     2.87887     2.87887
   0.634638    0.624886    0.869079    0.634638    0.634638    0.634638    0.634638    0.634638    0.644391    0.400197    0.634638    0.634638    0.634638    0.634638    0.634638
    3.90883     4.40455     3.98004     4.64475     3.90883     3.90883     3.90883     3.90883     3.41311     3.83762     3.17291     3.90883     3.90883     3.90883     3.90883
 -0.0125998  -0.0676416    0.496714 -0.00802757    0.371152  -0.0125998  -0.0125998  -0.0125998   0.0424419   -0.521914  -0.0171721   -0.396351  -0.0125998  -0.0125998  -0.0125998
 -0.0299983  -0.0528845    0.186354  -0.0318301    0.597014      1.4409  -0.0299983  -0.0299983 -0.00711213    -0.24635  -0.0281665   -0.657011     -1.5009  -0.0299983  -0.0299983
          0           0           0           0           0           0    0.519615           0           0           0           0           0           0   -0.519615           0
          0           0           0           0           0           0           0    0.519615           0           0           0           0           0           0   -0.519615
Xsig_pred: 
    3.26972     3.51305     3.22699     3.34333     3.23869     3.26873     3.27231     3.26972     3.02507     3.20915     3.19611     3.23424     3.26789     3.26712     3.26972
   0.629127    0.593953     1.06199     0.63017    0.787193    0.657841    0.629094    0.629127    0.658751    0.204798    0.628743    0.472003    0.600455     0.62916    0.629127
    3.90883     4.40455     3.98004     4.64475     3.90883     3.90883     3.96079     3.90883     3.41311     3.83762     3.17291     3.90883     3.90883     3.85687     3.90883
 -0.0155997  -0.0729301    0.515349  -0.0112106    0.430853    0.131491  -0.0155997  -0.0130016   0.0417307   -0.546549  -0.0199887   -0.462053    -0.16269  -0.0155997  -0.0181977
 -0.0299983  -0.0528845    0.186354  -0.0318301    0.597014      1.4409  -0.0299983   0.0219632 -0.00711213    -0.24635  -0.0281665   -0.657011     -1.5009  -0.0299983  -0.0819598
Predicted x_:
   3.24073
  0.629899
   3.90883
-0.0155997
-0.0299983
Predicted P_:
   0.0220987  -0.00127791    0.0586306  -0.00262431 -0.000592011
 -0.00127791    0.0701433   0.00499502     0.101334    0.0781621
   0.0586306   0.00499502     0.265031   0.00420716   0.00090473
 -0.00262431     0.101334   0.00420716     0.168725     0.204199
-0.000592011    0.0781621   0.00090473     0.204199     0.868911
Update step with Laser data
Predicted Laser measurement z_pred: 
 3.24073
0.629899
Laser innovation covariance S_inn: 
  0.0445987 -0.00127791
-0.00127791   0.0926433
Laser prediction: 
 3.24073
0.629899
Laser measurement: 
 3.89365
0.311793
Updated (with Laser) state x: 
  3.56634
 0.384536
  4.74559
 -0.38139
-0.291309
Updated (with Laser) covariance P: 
   0.0111443 -0.000156639    0.0296255 -0.000619019  0.000245357
-0.000156639    0.0170333   0.00162178    0.0246022    0.0189864
   0.0296255   0.00162178     0.187472   0.00035848  -0.00394962
-0.000619019    0.0246022   0.00035848    0.0578506     0.118718
 0.000245357    0.0189864  -0.00394962     0.118718     0.802961
Total Laser NIS samples: 6, Current NIS value: 10.5266, Chi-Square-95 percent: 100, Chi-Square-05 percent: 33.3333
Sensor type: RADAR, Data option: LASER DATA ONLY, Ignoring measurement!
Process measurement from Laser
Prediction step, delta_t: 0.1
Xsig_aug: 
   3.56634    3.74918    3.56634    3.56634    3.56634    3.56634    3.56634    3.56634    3.38349    3.56634    3.56634    3.56634    3.56634    3.56634    3.56634
  0.384536   0.381966   0.610574   0.384536   0.384536   0.384536   0.384536   0.384536   0.387106   0.158497   0.384536   0.384536   0.384536   0.384536   0.384536
   4.74559    5.23167    4.77265    5.31605    4.74559    4.74559    4.74559    4.74559    4.25952    4.71854    4.17514    4.74559    4.74559    4.74559    4.74559
  -0.38139  -0.391547  -0.054983  -0.386329  -0.122774   -0.38139   -0.38139   -0.38139  -0.371234  -0.707798  -0.376451  -0.640007   -0.38139   -0.38139   -0.38139
 -0.291309  -0.287283 -0.0392742  -0.327461    0.76721   0.814846  -0.291309  -0.291309  -0.295334  -0.543343  -0.255156   -1.34983   -1.39746  -0.291309  -0.291309
         0          0          0          0          0          0   0.519615          0          0          0          0          0          0  -0.519615          0
         0          0          0          0          0          0          0   0.519615          0          0          0          0          0          0  -0.519615
Xsig_pred: 
   4.00416    4.22982    4.04283    4.05539    4.03909     4.0135    4.00658    4.00416    3.77809    3.91634    3.95261    3.92672    3.99304    4.00175    4.00416
  0.201509   0.175397    0.58341   0.176206   0.344534    0.22603   0.200542   0.201509   0.226746  -0.157871   0.226111  0.0763371   0.177747   0.202476   0.201509
   4.74559    5.23167    4.77265    5.31605    4.74559    4.74559    4.79756    4.74559    4.25952    4.71854    4.17514    4.74559    4.74559    4.69363    4.74559
 -0.410521  -0.420275 -0.0589104  -0.419075 -0.0460528  -0.299906  -0.410521  -0.407923  -0.400767  -0.762132  -0.401967   -0.77499  -0.521137  -0.410521  -0.413119
 -0.291309  -0.287283 -0.0392742  -0.327461    0.76721   0.814846  -0.291309  -0.239347  -0.295334  -0.543343  -0.255156   -1.34983   -1.39746  -0.291309   -0.34327
Predicted x_:
  3.98847
 0.208102
  4.74559
-0.410521
-0.291309
Predicted P_:
   0.0204138   0.00799388    0.0469799    0.0137343    0.0285926
  0.00799388     0.052433  -0.00557939    0.0607767    0.0876209
   0.0469799  -0.00557939     0.188372 -3.64824e-05  -0.00394962
   0.0137343    0.0607767 -3.64824e-05     0.089626     0.199059
   0.0285926    0.0876209  -0.00394962     0.199059     0.803861
Update step with Laser data
Predicted Laser measurement z_pred: 
 3.98847
0.208102
Laser innovation covariance S_inn: 
 0.0429138 0.00799388
0.00799388   0.074933
Laser prediction: 
 3.98847
0.208102
Laser measurement: 
 4.30935
0.578564
Updated (with Laser) state x: 
   4.15884
  0.483382
   5.03625
-0.0615449
  0.270618
Updated (with Laser) covariance P: 
  0.0104639  0.00128401   0.0254497  0.00387864    0.010295
 0.00128401    0.015607  -0.0043903   0.0178355   0.0252115
  0.0254497  -0.0043903    0.134145 -0.00371233  -0.0191937
 0.00387864   0.0178355 -0.00371233   0.0390813    0.124674
   0.010295   0.0252115  -0.0191937    0.124674    0.692599
Total Laser NIS samples: 7, Current NIS value: 3.71362, Chi-Square-95 percent: 100, Chi-Square-05 percent: 28.5714
Sensor type: RADAR, Data option: LASER DATA ONLY, Ignoring measurement!
Process measurement from Laser
Prediction step, delta_t: 0.1
Xsig_aug: 
   4.15884    4.33601    4.15884    4.15884    4.15884    4.15884    4.15884    4.15884    3.98166    4.15884    4.15884    4.15884    4.15884    4.15884    4.15884
  0.483382   0.505123   0.698669   0.483382   0.483382   0.483382   0.483382   0.483382   0.461641   0.268096   0.483382   0.483382   0.483382   0.483382   0.483382
   5.03625    5.46717    4.93156    5.48989    5.03625    5.03625    5.03625    5.03625    4.60534    5.14095    4.58262    5.03625    5.03625    5.03625    5.03625
-0.0615449 0.00412893    0.18036 -0.0926511   0.169638 -0.0615449 -0.0615449 -0.0615449  -0.127219   -0.30345 -0.0304388  -0.292728 -0.0615449 -0.0615449 -0.0615449
  0.270618   0.444934   0.604335  0.0551157    1.46077   0.958469   0.270618   0.270618  0.0963016 -0.0630988    0.48612  -0.919534  -0.417233   0.270618   0.270618
         0          0          0          0          0          0   0.519615          0          0          0          0          0          0  -0.519615          0
         0          0          0          0          0          0          0   0.519615          0          0          0          0          0          0  -0.519615
Xsig_pred: 
   4.66187     4.8825    4.64103    4.70561    4.64727    4.66222    4.66446    4.66187    4.43875    4.64896    4.61705    4.63368    4.66072    4.65927    4.66187
  0.459211    0.51954   0.801734   0.434097   0.604296   0.476525   0.459051   0.459211   0.405411    0.11293   0.480572   0.316104    0.44193   0.459371   0.459211
   5.03625    5.46717    4.93156    5.48989    5.03625    5.03625    5.08822    5.03625    4.60534    5.14095    4.58262    5.03625    5.03625    4.98429    5.03625
-0.0344831  0.0486224   0.240793 -0.0871395   0.315715  0.0343019 -0.0344831 -0.0318851  -0.117589  -0.309759  0.0181732  -0.384681  -0.103268 -0.0344831 -0.0370812
  0.270618   0.444934   0.604335  0.0551157    1.46077   0.958469   0.270618   0.322579  0.0963016 -0.0630988    0.48612  -0.919534  -0.417233   0.270618   0.218656
Predicted x_:
   4.64838
  0.459383
   5.03625
-0.0344831
  0.270618
Predicted P_:
  0.0171525  0.00375762   0.0387492  0.00581569   0.0121383
 0.00375762   0.0478302 -0.00733888   0.0508079    0.104427
  0.0387492 -0.00733888    0.135045  -0.0056317  -0.0191937
 0.00581569   0.0508079  -0.0056317   0.0709444    0.193979
  0.0121383    0.104427  -0.0191937    0.193979    0.693499
Update step with Laser data
Predicted Laser measurement z_pred: 
 4.64838
0.459383
Laser innovation covariance S_inn: 
 0.0396525 0.00375762
0.00375762  0.0703302
Laser prediction: 
 4.64838
0.459383
Laser measurement: 
 4.35143
0.899174
Updated (with Laser) state x: 
 4.53419
0.748712
 4.67243
0.258042
0.870352
Updated (with Laser) covariance P: 
 0.00966788 0.000685597   0.0223229  0.00176862  0.00374066
0.000685597   0.0152652 -0.00354052   0.0161599   0.0332085
  0.0223229 -0.00354052   0.0954457 -0.00340666  -0.0148041
 0.00176862   0.0161599 -0.00340666    0.033996    0.118023
 0.00374066   0.0332085  -0.0148041    0.118023    0.537353
Total Laser NIS samples: 8, Current NIS value: 5.353, Chi-Square-95 percent: 100, Chi-Square-05 percent: 25
Sensor type: RADAR, Data option: LASER DATA ONLY, Ignoring measurement!
Process measurement from Laser
Prediction step, delta_t: 0.1
Xsig_aug: 
  4.53419   4.70449   4.53419   4.53419   4.53419   4.53419   4.53419   4.53419   4.36388   4.53419   4.53419   4.53419   4.53419   4.53419   4.53419
 0.748712  0.760789   0.96237  0.748712  0.748712  0.748712  0.748712  0.748712  0.736635  0.535054  0.748712  0.748712  0.748712  0.748712  0.748712
  4.67243   5.06566   4.60049   5.02815   4.67243   4.67243   4.67243   4.67243    4.2792   4.74437   4.31672   4.67243   4.67243   4.67243   4.67243
 0.258042  0.289197  0.483185  0.240403  0.481686  0.258042  0.258042  0.258042  0.226887 0.0328988   0.27568 0.0343974  0.258042  0.258042  0.258042
 0.870352  0.936246   1.33291  0.766204   1.97047   1.28585  0.870352  0.870352  0.804458  0.407792    0.9745 -0.229771  0.454857  0.870352  0.870352
        0         0         0         0         0         0  0.519615         0         0         0         0         0         0 -0.519615         0
        0         0         0         0         0         0         0  0.519615         0         0         0         0         0         0 -0.519615
Xsig_pred: 
  4.98021   5.18256   4.92614   5.01748   4.92434   4.97706   4.98272   4.98021   4.77652   5.00792   4.94318    5.0013    4.9831    4.9777   4.98021
 0.887444  0.927754   1.20259  0.887012   1.00444  0.896624  0.888107  0.887444  0.849552  0.560322  0.886251  0.759415  0.878178  0.886781  0.887444
  4.67243   5.06566   4.60049   5.02815   4.67243   4.67243    4.7244   4.67243    4.2792   4.74437   4.31672   4.67243   4.67243   4.62047   4.67243
 0.345077  0.382821  0.616476  0.317024  0.678734  0.386626  0.345077  0.347675  0.307332 0.0736779   0.37313 0.0114203  0.303527  0.345077  0.342479
 0.870352  0.936246   1.33291  0.766204   1.97047   1.28585  0.870352  0.922314  0.804458  0.407792    0.9745 -0.229771  0.454857  0.870352   0.81839
Predicted x_:
  4.9698
0.883727
 4.67243
0.345077
0.870352
Predicted P_:
  0.0153054 -0.00328704   0.0320399 -0.00581387  -0.0176644
-0.00328704   0.0399257 -0.00251894   0.0432935   0.0965637
  0.0320399 -0.00251894   0.0963457 -0.00488707  -0.0148041
-0.00581387   0.0432935 -0.00488707   0.0629763    0.171803
 -0.0176644   0.0965637  -0.0148041    0.171803    0.538253
Update step with Laser data
Predicted Laser measurement z_pred: 
  4.9698
0.883727
Laser innovation covariance S_inn: 
  0.0378054 -0.00328704
-0.00328704   0.0624257
Laser prediction: 
  4.9698
0.883727
Laser measurement: 
 5.51894
0.648233
Updated (with Laser) state x: 
 5.19802
0.716214
 5.13702
0.131349
0.326653
Updated (with Laser) covariance P: 
  0.00904748 -0.000708346     0.019077  -0.00211308  -0.00752134
-0.000708346    0.0143531  9.66102e-05     0.015493    0.0344083
    0.019077  9.66102e-05    0.0691909 -0.000143565 -0.000241633
 -0.00211308     0.015493 -0.000143565    0.0326194     0.103653
 -0.00752134    0.0344083 -0.000241633     0.103653     0.384677
Total Laser NIS samples: 9, Current NIS value: 8.54376, Chi-Square-95 percent: 100, Chi-Square-05 percent: 33.3333
Sensor type: RADAR, Data option: LASER DATA ONLY, Ignoring measurement!
Process measurement from Laser
Prediction step, delta_t: 0.1
Xsig_aug: 
   5.19802    5.36277    5.19802    5.19802    5.19802    5.19802    5.19802    5.19802    5.03327    5.19802    5.19802    5.19802    5.19802    5.19802    5.19802
  0.716214   0.703315    0.92332   0.716214   0.716214   0.716214   0.716214   0.716214   0.729112   0.509108   0.716214   0.716214   0.716214   0.716214   0.716214
   5.13702     5.4844    5.16006    5.43091    5.13702    5.13702    5.13702    5.13702    4.78964    5.11399    4.84314    5.13702    5.13702    5.13702    5.13702
  0.131349  0.0928708   0.353374   0.157964   0.346696   0.131349   0.131349   0.131349   0.169827 -0.0906758   0.104734 -0.0839979   0.131349   0.131349   0.131349
  0.326653   0.189694    0.81654   0.447682    1.22613   0.594188   0.326653   0.326653   0.463613  -0.163233   0.205625  -0.572825  0.0591189   0.326653   0.326653
         0          0          0          0          0          0   0.519615          0          0          0          0          0          0  -0.519615          0
         0          0          0          0          0          0          0   0.519615          0          0          0          0          0          0  -0.519615
Xsig_pred: 
  5.70611   5.90834   5.67432   5.73226   5.66926     5.705   5.70869   5.70611    5.5033   5.70692   5.67913    5.7084    5.7071   5.70354   5.70611
 0.791799  0.759352   1.12145  0.813621  0.919911   0.79858   0.79214  0.791799  0.820975  0.458646  0.771794  0.658481  0.784999  0.791459  0.791799
  5.13702    5.4844   5.16006   5.43091   5.13702   5.13702   5.18898   5.13702   4.78964   5.11399   4.84314   5.13702   5.13702   5.08506   5.13702
 0.164014   0.11184  0.435028  0.202732  0.469309  0.190768  0.164014  0.166612  0.216188 -0.106999  0.125296  -0.14128  0.137261  0.164014  0.161416
 0.326653  0.189694   0.81654  0.447682   1.22613  0.594188  0.326653  0.378615  0.463613 -0.163233  0.205625 -0.572825 0.0591189  0.326653  0.274692
Predicted x_:
 5.69493
0.790101
 5.13702
0.164014
0.326653
Predicted P_:
   0.0141796  -0.00454494    0.0259721  -0.00665241   -0.0167961
 -0.00454494    0.0427835   0.00103139    0.0441065     0.096164
   0.0259721   0.00103139    0.0700909 -0.000167729 -0.000241633
 -0.00665241    0.0441065 -0.000167729    0.0571989     0.142165
  -0.0167961     0.096164 -0.000241633     0.142165     0.385577
Update step with Laser data
Predicted Laser measurement z_pred: 
 5.69493
0.790101
Laser innovation covariance S_inn: 
  0.0366796 -0.00454494
-0.00454494   0.0652835
Laser prediction: 
 5.69493
0.790101
Laser measurement: 
   6.022
0.708619
Updated (with Laser) state x: 
 5.82314
0.722857
 5.36593
0.077306
0.117348
Updated (with Laser) covariance P: 
  0.00857796 -0.000969233    0.0161149  -0.00221625  -0.00625025
-0.000969233    0.0146779   0.00147736    0.0150471    0.0327078
   0.0161149   0.00147736    0.0514215   0.00170077   0.00547382
 -0.00221625    0.0150471   0.00170077    0.0270471    0.0762005
 -0.00625025    0.0327078   0.00547382    0.0762005     0.241119
Total Laser NIS samples: 10, Current NIS value: 2.94241, Chi-Square-95 percent: 100, Chi-Square-05 percent: 30
Sensor type: RADAR, Data option: LASER DATA ONLY, Ignoring measurement!
Process measurement from Laser
Prediction step, delta_t: 0.1
Xsig_aug: 
    5.82314     5.98355     5.82314     5.82314     5.82314     5.82314     5.82314     5.82314     5.66272     5.82314     5.82314     5.82314     5.82314     5.82314     5.82314
   0.722857    0.704731    0.931915    0.722857    0.722857    0.722857    0.722857    0.722857    0.740983      0.5138    0.722857    0.722857    0.722857    0.722857    0.722857
    5.36593     5.66729     5.41326     5.61332     5.36593     5.36593     5.36593     5.36593     5.06456      5.3186     5.11853     5.36593     5.36593     5.36593     5.36593
   0.077306   0.0358595    0.289639    0.107797    0.260085    0.077306    0.077306    0.077306    0.118752   -0.135027   0.0468147   -0.105473    0.077306    0.077306    0.077306
   0.117348 0.000460571    0.576574    0.238259    0.787889    0.303254    0.117348    0.117348    0.234235   -0.341879 -0.00356363   -0.553193   -0.068559    0.117348    0.117348
          0           0           0           0           0           0    0.519615           0           0           0           0           0           0   -0.519615           0
          0           0           0           0           0           0           0    0.519615           0           0           0           0           0           0   -0.519615
Xsig_pred: 
    6.35787     6.54992     6.33717     6.38044     6.33571     6.35741     6.36046     6.35787     6.16486     6.34883     6.33443     6.35491     6.35826     6.35528     6.35787
   0.767436     0.72505     1.10139    0.789892    0.881124    0.772403    0.767636    0.767436    0.806869    0.433208     0.74672    0.651639    0.762464    0.767235    0.767436
    5.36593     5.66729     5.41326     5.61332     5.36593     5.36593     5.41789     5.36593     5.06456      5.3186     5.11853     5.36593     5.36593     5.31396     5.36593
  0.0890407   0.0359056    0.347297    0.131623    0.338874    0.107631   0.0890407   0.0916388    0.142176   -0.169215   0.0464583   -0.160793   0.0704501   0.0890407   0.0864426
   0.117348 0.000460571    0.576574    0.238259    0.787889    0.303254    0.117348    0.169309    0.234235   -0.341879 -0.00356363   -0.553193   -0.068559    0.117348   0.0653861
Predicted x_:
  6.34841
 0.766835
  5.36593
0.0890407
 0.117348
Predicted P_:
  0.0126136 -0.00347721   0.0211905 -0.00438741 -0.00963862
-0.00347721   0.0423163  0.00294475   0.0393775   0.0795593
  0.0211905  0.00294475   0.0523215  0.00224815  0.00547382
-0.00438741   0.0393775  0.00224815   0.0447006    0.100357
-0.00963862   0.0795593  0.00547382    0.100357    0.242019
Update step with Laser data
Predicted Laser measurement z_pred: 
 6.34841
0.766835
Laser innovation covariance S_inn: 
  0.0351136 -0.00347721
-0.00347721   0.0648163
Laser prediction: 
 6.34841
0.766835
Laser measurement: 
 6.34249
0.948833
Updated (with Laser) state x: 
 6.34001
0.885522
 5.37654
0.199358
0.340152
Updated (with Laser) covariance P: 
  0.00800551 -0.000777588    0.0137527  -0.00146551  -0.00345967
-0.000777588    0.0146477   0.00176002    0.0135907    0.0274322
   0.0137527   0.00176002    0.0391389   0.00184965   0.00514186
 -0.00146551    0.0135907   0.00184965    0.0206297    0.0516734
 -0.00345967    0.0274322   0.00514186    0.0516734     0.143538
Total Laser NIS samples: 11, Current NIS value: 0.511452, Chi-Square-95 percent: 100, Chi-Square-05 percent: 27.2727
Sensor type: RADAR, Data option: LASER DATA ONLY, Ignoring measurement!
Process measurement from Laser
Prediction step, delta_t: 0.1
Xsig_aug: 
   6.34001    6.49499    6.34001    6.34001    6.34001    6.34001    6.34001    6.34001    6.18504    6.34001    6.34001    6.34001    6.34001    6.34001    6.34001
  0.885522   0.870469    1.09461   0.885522   0.885522   0.885522   0.885522   0.885522   0.900575   0.676437   0.885522   0.885522   0.885522   0.885522   0.885522
   5.37654    5.64277    5.42096    5.58765    5.37654    5.37654    5.37654    5.37654    5.11031    5.33212    5.16543    5.37654    5.37654    5.37654    5.37654
  0.199358   0.170989   0.392318   0.220819   0.352297   0.199358   0.199358   0.199358   0.227728 0.00639904   0.177898  0.0464196   0.199358   0.199358   0.199358
  0.340152   0.273178   0.728933   0.415876   0.840195   0.478714   0.340152   0.340152   0.407125 -0.0486301   0.264427  -0.159891   0.201589   0.340152   0.340152
         0          0          0          0          0          0   0.519615          0          0          0          0          0          0  -0.519615          0
         0          0          0          0          0          0          0   0.519615          0          0          0          0          0          0  -0.519615
Xsig_pred: 
   6.86511    7.04965    6.83293    6.88251    6.83626    6.86427    6.86765    6.86511    6.68039    6.87322    6.84714    6.87726    6.86591    6.86256    6.86511
   1.00094   0.974068    1.31993    1.01921    1.09201    1.00457    1.00146    1.00094    1.02605   0.678552   0.983641   0.906176   0.997304    1.00043    1.00094
   5.37654    5.64277    5.42096    5.58765    5.37654    5.37654     5.4285    5.37654    5.11031    5.33212    5.16543    5.37654    5.37654    5.32458    5.37654
  0.233374   0.198307   0.465211   0.262407   0.436317    0.24723   0.233374   0.235972   0.268441 0.00153603    0.20434  0.0304304   0.219517   0.233374   0.230776
  0.340152   0.273178   0.728933   0.415876   0.840195   0.478714   0.340152   0.392113   0.407125 -0.0486301   0.264427  -0.159891   0.201589   0.340152    0.28819
Predicted x_:
 6.85819
0.999625
 5.37654
0.233374
0.340152
Predicted P_:
  0.0117684 -0.00428089    0.017375 -0.00493442 -0.00974103
-0.00428089   0.0374944  0.00370218    0.031561    0.058244
   0.017375  0.00370218   0.0400389  0.00236383  0.00514186
-0.00493442    0.031561  0.00236383    0.032402   0.0660722
-0.00974103    0.058244  0.00514186   0.0660722    0.144438
Update step with Laser data
